#use Indexing to extract 3,5,6,9,10,11,14,15
s=[1,2,3,[4,5,[6,7,[8,[9,[10],11],12],13],14],15]

>>> s.extend(s[3])
>>> s
[1, 2, 3, [4, 5, [6, 7, [8, [9, [10], 11], 12], 13], 14], 15, 4, 5, [6, 7, [8, [9, [10], 11], 12], 13], 14]
>>> s.remove(s[3])
>>> s
[1, 2, 3, 15, 4, 5, [6, 7, [8, [9, [10], 11], 12], 13], 14]
>>> s[3]
15
>>> s[6]
[6, 7, [8, [9, [10], 11], 12], 13]
>>> s.extend(s[6])
>>> s
[1, 2, 3, 15, 4, 5, [6, 7, [8, [9, [10], 11], 12], 13], 14, 6, 7, [8, [9, [10], 11], 12], 13]
>>> s.remove(s[6])
>>> s
[1, 2, 3, 15, 4, 5, 14, 6, 7, [8, [9, [10], 11], 12], 13]
>>> s[9]
[8, [9, [10], 11], 12]
>>> s.extend(s[9])
>>> s
[1, 2, 3, 15, 4, 5, 14, 6, 7, [8, [9, [10], 11], 12], 13, 8, [9, [10], 11], 12]
>>> s.remove(s[9])
>>> s
[1, 2, 3, 15, 4, 5, 14, 6, 7, 13, 8, [9, [10], 11], 12]
>>> s[11]
[9, [10], 11]
>>> s.extend(s[11])
>>> s
[1, 2, 3, 15, 4, 5, 14, 6, 7, 13, 8, [9, [10], 11], 12, 9, [10], 11]
>>> s.remove(s[11])
>>> s
[1, 2, 3, 15, 4, 5, 14, 6, 7, 13, 8, 12, 9, [10], 11]
>>> s.extend(s[13])
>>> s
[1, 2, 3, 15, 4, 5, 14, 6, 7, 13, 8, 12, 9, [10], 11, 10]
>>> s.remove(s[13])
>>> s
[1, 2, 3, 15, 4, 5, 14, 6, 7, 13, 8, 12, 9, 11, 10]
>>> print(s[2],s[5],s[7],s[12],s[13],s[14],s[6],s[3])
3 5 6 9 11 10 14 15
